[
    {
        "animated-gif_032x032-spinner-gif": [
            2586,
            2604,
            2608,
            2682,
            2608,
            2627,
            2594,
            2634,
            2565,
            2612,
            2612,
            2638,
            2558,
            2564,
            2591,
            2575,
            2545,
            2534,
            2580,
            2607,
            2525,
            2503,
            2528,
            2525,
            2504,
            2530,
            2565,
            2523,
            2533,
            2545,
            2552,
            2540,
            2530,
            2593,
            2528,
            2508,
            2502,
            2545,
            2459,
            2512,
            2544,
            2513,
            2528,
            2512,
            2544,
            2511,
            2528,
            2508,
            2529,
            2490,
            2485,
            2455,
            2497,
            2495,
            2481,
            2476,
            2501,
            2476,
            2444,
            2472,
            2445,
            2514,
            2511,
            2478,
            2446,
            2476,
            2426,
            2492,
            2498,
            2458,
            2496,
            2460,
            2409,
            2457,
            2482,
            2475,
            2398,
            2470,
            2482,
            2474,
            2412,
            2442,
            2466,
            2464,
            2477,
            2494,
            2412,
            2422,
            2431,
            2460,
            2448,
            2414,
            2393,
            2444,
            2464,
            2444,
            2446,
            2458,
            2466
        ]
    },
    {
        "animated-gif_016x016-spinner-css": [
            2238,
            2256,
            2254,
            2252,
            2236,
            2264,
            2214,
            2251,
            2236,
            2240,
            2241,
            2240,
            2253,
            2287,
            2236,
            2242,
            2234,
            2243,
            2255,
            2246,
            2254,
            2220,
            2240,
            2255,
            2244,
            2272,
            2233,
            2255,
            2287,
            2228,
            2240,
            2253,
            2267,
            2228,
            2266,
            2248,
            2255,
            2254,
            2240,
            2271,
            2257,
            2237,
            2228,
            2220,
            2294,
            2254,
            2227,
            2249,
            2245,
            2245,
            2240,
            2254,
            2250,
            2225,
            2236,
            2255,
            2240,
            2254,
            2219,
            2243,
            2264,
            2254,
            2259,
            2238,
            2253,
            2223,
            2254,
            2236,
            2264,
            2235,
            2245,
            2243,
            2254,
            2233,
            2245,
            2243,
            2240,
            2252,
            2270,
            2244,
            2238,
            2243,
            2255,
            2245,
            2257,
            2240,
            2265,
            2239,
            2242,
            2240,
            2258,
            2259,
            2232,
            2245,
            2262,
            2235,
            2264,
            2254,
            2225
        ]
    },
    {
        "animated-gif_066x066-spinner-css": [
            2247,
            2231,
            2248,
            2274,
            2224,
            2280,
            2226,
            2266,
            2236,
            2265,
            2242,
            2256,
            2257,
            2244,
            2242,
            2253,
            2234,
            2236,
            2245,
            2246,
            2232,
            2256,
            2242,
            2251,
            2263,
            2233,
            2255,
            2241,
            2258,
            2236,
            2253,
            2251,
            2241,
            2238,
            2251,
            2249,
            2253,
            2259,
            2252,
            2241,
            2253,
            2261,
            2287,
            2222,
            2241,
            2256,
            2251,
            2224,
            2238,
            2275,
            2239,
            2240,
            2264,
            2241,
            2252,
            2257,
            2254,
            2285,
            2242,
            2243,
            2259,
            2253,
            2239,
            2256,
            2234,
            2225,
            2244,
            2239,
            2244,
            2256,
            2232,
            2253,
            2219,
            2243,
            2253,
            2253,
            2241,
            2238,
            2243,
            2216,
            2230,
            2248,
            2236,
            2236,
            2240,
            2252,
            2264,
            2258,
            2238,
            2215,
            2243,
            2243,
            2247,
            2256,
            2270,
            2238,
            2244,
            2244,
            2257
        ]
    },
    {
        "animated-gif_016x016-spinner-gif": [
            2579,
            2661,
            2630,
            2572,
            2637,
            2640,
            2628,
            2627,
            2587,
            2624,
            2633,
            2591,
            2613,
            2563,
            2624,
            2561,
            2509,
            2540,
            2526,
            2528,
            2522,
            2487,
            2530,
            2498,
            2503,
            2543,
            2509,
            2560,
            2560,
            2518,
            2572,
            2500,
            2488,
            2484,
            2525,
            2494,
            2479,
            2466,
            2473,
            2531,
            2473,
            2515,
            2527,
            2495,
            2531,
            2465,
            2495,
            2496,
            2493,
            2516,
            2521,
            2447,
            2482,
            2476,
            2496,
            2445,
            2474,
            2479,
            2446,
            2480,
            2490,
            2501,
            2472,
            2431,
            2477,
            2479,
            2465,
            2475,
            2479,
            2483,
            2425,
            2466,
            2465,
            2409,
            2477,
            2483,
            2495,
            2415,
            2457,
            2449,
            2393,
            2461,
            2425,
            2448,
            2482,
            2411,
            2457,
            2481,
            2444,
            2397,
            2460,
            2446,
            2463,
            2445,
            2391,
            2448,
            2433,
            2407,
            2432
        ]
    },
    {
        "animated-gif_250x250-spinner-gif": [
            2725,
            2688,
            2702,
            2705,
            2631,
            2660,
            2680,
            2639,
            2650,
            2680,
            2632,
            2693,
            2579,
            2607,
            2617,
            2572,
            2558,
            2542,
            2562,
            2536,
            2574,
            2608,
            2642,
            2643,
            2520,
            2595,
            2539,
            2603,
            2573,
            2581,
            2490,
            2598,
            2576,
            2549,
            2476,
            2576,
            2563,
            2546,
            2578,
            2564,
            2544,
            2481,
            2575,
            2508,
            2560,
            2566,
            2526,
            2498,
            2560,
            2544,
            2511,
            2529,
            2495,
            2526,
            2527,
            2551,
            2525,
            2476,
            2495,
            2531,
            2493,
            2510,
            2444,
            2498,
            2526,
            2527,
            2497,
            2503,
            2481,
            2497,
            2496,
            2511,
            2445,
            2527,
            2516,
            2492,
            2515,
            2526,
            2497,
            2494,
            2481,
            2522,
            2463,
            2425,
            2499,
            2494,
            2500,
            2437,
            2498,
            2478,
            2514,
            2512,
            2427,
            2512,
            2429,
            2527,
            2444,
            2492,
            2497
        ]
    },
    {
        "animated-gif_032x032-spinner-css": [
            2255,
            2262,
            2258,
            2249,
            2253,
            2256,
            2255,
            2270,
            2254,
            2241,
            2254,
            2278,
            2240,
            2238,
            2280,
            2238,
            2253,
            2241,
            2223,
            2260,
            2247,
            2258,
            2259,
            2244,
            2252,
            2243,
            2238,
            2243,
            2255,
            2252,
            2253,
            2246,
            2275,
            2220,
            2269,
            2274,
            2254,
            2227,
            2244,
            2222,
            2253,
            2260,
            2222,
            2282,
            2243,
            2238,
            2238,
            2249,
            2278,
            2263,
            2259,
            2259,
            2247,
            2239,
            2246,
            2239,
            2214,
            2251,
            2236,
            2253,
            2216,
            2255,
            2244,
            2243,
            2257,
            2244,
            2241,
            2243,
            2260,
            2252,
            2237,
            2265,
            2248,
            2243,
            2238,
            2261,
            2226,
            2242,
            2229,
            2236,
            2241,
            2255,
            2242,
            2273,
            2223,
            2260,
            2247,
            2252,
            2238,
            2227,
            2243,
            2236,
            2252,
            2257,
            2254,
            2238,
            2213,
            2225,
            2257
        ]
    },
    {
        "animated-gif_250x250-spinner-css": [
            2232,
            2257,
            2209,
            2261,
            2253,
            2243,
            2252,
            2236,
            2267,
            2272,
            2255,
            2256,
            2239,
            2269,
            2279,
            2248,
            2237,
            2236,
            2249,
            2242,
            2235,
            2257,
            2237,
            2259,
            2233,
            2242,
            2251,
            2223,
            2244,
            2240,
            2261,
            2246,
            2292,
            2255,
            2243,
            2269,
            2237,
            2259,
            2240,
            2248,
            2247,
            2254,
            2218,
            2246,
            2252,
            2241,
            2236,
            2245,
            2253,
            2253,
            2253,
            2237,
            2241,
            2245,
            2237,
            2235,
            2242,
            2225,
            2252,
            2226,
            2243,
            2225,
            2239,
            2248,
            2237,
            2251,
            2236,
            2243,
            2253,
            2265,
            2252,
            2239,
            2229,
            2253,
            2241,
            2233,
            2248,
            2247,
            2240,
            2237,
            2241,
            2235,
            2241,
            2242,
            2241,
            2245,
            2246,
            2258,
            2258,
            2242,
            2238,
            2227,
            2233,
            2240,
            2252,
            2236,
            2234,
            2221,
            2257
        ]
    },
    {
        "animated-gif_066x066-spinner-gif": [
            2737,
            2628,
            2613,
            2653,
            2580,
            2659,
            2660,
            2597,
            2656,
            2619,
            2540,
            2614,
            2597,
            2560,
            2641,
            2531,
            2538,
            2524,
            2508,
            2528,
            2539,
            2561,
            2520,
            2562,
            2524,
            2494,
            2560,
            2530,
            2505,
            2549,
            2460,
            2514,
            2533,
            2538,
            2487,
            2546,
            2557,
            2499,
            2513,
            2497,
            2506,
            2512,
            2485,
            2510,
            2492,
            2498,
            2460,
            2444,
            2511,
            2529,
            2511,
            2527,
            2483,
            2476,
            2494,
            2447,
            2477,
            2485,
            2438,
            2481,
            2442,
            2449,
            2459,
            2444,
            2491,
            2499,
            2474,
            2482,
            2494,
            2499,
            2456,
            2497,
            2447,
            2468,
            2404,
            2483,
            2409,
            2426,
            2461,
            2448,
            2473,
            2465,
            2405,
            2398,
            2445,
            2479,
            2414,
            2444,
            2424,
            2479,
            2374,
            2448,
            2444,
            2478,
            2475,
            2416,
            2424,
            2477,
            2445
        ]
    }
]