[
    {
        "font-face-vs-img_050-img": [
            5168,
            4719,
            4739,
            4706,
            4726,
            4751,
            4689,
            4678,
            4693,
            4675,
            4554,
            4642,
            4546,
            4654,
            4592,
            4520,
            4545,
            4604,
            4505,
            4498,
            4540,
            4469,
            4539,
            4462,
            4483,
            4493,
            4516,
            4523,
            4532,
            4400,
            4600,
            4498,
            4448,
            4433,
            4436,
            4521,
            4561,
            4441,
            4427,
            4381,
            4400,
            4465,
            4341,
            4363,
            4463,
            4381,
            4357,
            4394,
            4390,
            4395,
            4360,
            4476,
            4533,
            4354,
            4420,
            4389,
            4265,
            4306,
            4323,
            4350,
            4393,
            4493,
            4448,
            4305,
            4318,
            4228,
            4335,
            4361,
            4345,
            4336,
            4301,
            4262,
            4241,
            4380,
            4226,
            4388,
            4326,
            4297,
            4345,
            4374,
            4273,
            4240,
            4358,
            4375,
            4321,
            4346,
            4342,
            4253,
            4418,
            4330,
            4294,
            4256,
            4410,
            4266,
            4309,
            4216,
            4191,
            4257,
            4164,
            4196
        ]
    },
    {
        "font-face-vs-img_200-img": [
            5173,
            4722,
            4690,
            4774,
            4699,
            4765,
            4688,
            4706,
            4720,
            4659,
            4541,
            4558,
            4515,
            4556,
            4590,
            4499,
            4516,
            4560,
            4511,
            4515,
            4465,
            4515,
            4516,
            4574,
            4604,
            4521,
            4542,
            4531,
            4524,
            4488,
            4542,
            4391,
            4440,
            4391,
            4442,
            4399,
            4423,
            4496,
            4446,
            4475,
            4378,
            4339,
            4471,
            4330,
            4424,
            4352,
            4378,
            4348,
            4394,
            4445,
            4314,
            4295,
            4260,
            4331,
            4360,
            4362,
            4331,
            4292,
            4350,
            4340,
            4475,
            4330,
            4483,
            4242,
            4347,
            4409,
            4314,
            4294,
            4378,
            4373,
            4351,
            4280,
            4247,
            4327,
            4296,
            4240,
            4330,
            4231,
            4293,
            4413,
            4212,
            4280,
            4275,
            4262,
            4412,
            4214,
            4274,
            4228,
            4258,
            4324,
            4192,
            4239,
            4270,
            4281,
            4296,
            4204,
            4277,
            4342,
            4223,
            4148
        ]
    },
    {
        "font-face-vs-img_100-ff": [
            5111,
            4800,
            4758,
            4721,
            4800,
            4796,
            4703,
            4704,
            4663,
            4663,
            4675,
            4741,
            4566,
            4572,
            4608,
            4558,
            4478,
            4573,
            4606,
            4673,
            4628,
            4622,
            4562,
            4600,
            4638,
            4546,
            4516,
            4546,
            4438,
            4451,
            4510,
            4459,
            4458,
            4496,
            4488,
            4481,
            4520,
            4413,
            4475,
            4459,
            4468,
            4387,
            4344,
            4427,
            4378,
            4441,
            4406,
            4449,
            4389,
            4333,
            4454,
            4396,
            4432,
            4360,
            4480,
            4376,
            4413,
            4408,
            4449,
            4428,
            4340,
            4444,
            4446,
            4427,
            4388,
            4352,
            4337,
            4316,
            4374,
            4213,
            4348,
            4395,
            4356,
            4331,
            4358,
            4327,
            4396,
            4412,
            4307,
            4372,
            4258,
            4274,
            4347,
            4206,
            4342,
            4298,
            4317,
            4304,
            4309,
            4312,
            4312,
            4341,
            4351,
            4263,
            4345,
            4306,
            4287,
            4308,
            4357,
            4306
        ]
    },
    {
        "font-face-vs-img_200-ff": [
            5239,
            4806,
            4808,
            4797,
            4808,
            4761,
            4724,
            4695,
            4721,
            4643,
            4643,
            4691,
            4618,
            4715,
            4627,
            4690,
            4560,
            4551,
            4512,
            4464,
            4582,
            4524,
            4578,
            4601,
            4546,
            4538,
            4540,
            4530,
            4503,
            4415,
            4468,
            4567,
            4497,
            4524,
            4543,
            4561,
            4527,
            4431,
            4532,
            4401,
            4473,
            4420,
            4414,
            4448,
            4454,
            4386,
            4415,
            4447,
            4368,
            4397,
            4416,
            4393,
            4496,
            4397,
            4363,
            4411,
            4430,
            4346,
            4399,
            4441,
            4433,
            4427,
            4331,
            4399,
            4379,
            4398,
            4399,
            4410,
            4428,
            4392,
            4202,
            4424,
            4349,
            4363,
            4347,
            4376,
            4365,
            4316,
            4307,
            4313,
            4324,
            4312,
            4361,
            4426,
            4298,
            4366,
            4335,
            4411,
            4327,
            4340,
            4276,
            4363,
            4328,
            4330,
            4344,
            4292,
            4323,
            4295,
            4310,
            4297
        ]
    },
    {
        "font-face-vs-img_100-nff": [
            3702,
            3132,
            3232,
            3217,
            3084,
            3168,
            3167,
            2999,
            3134,
            3115,
            3062,
            3011,
            2967,
            2998,
            3071,
            2995,
            2980,
            2958,
            2980,
            2925,
            3011,
            2913,
            2811,
            2884,
            2876,
            2951,
            2891,
            2898,
            2916,
            2947,
            2864,
            2879,
            2915,
            2781,
            2796,
            2833,
            2837,
            2848,
            2794,
            2813,
            2900,
            2746,
            2834,
            2883,
            2768,
            2800,
            2813,
            2833,
            2768,
            2731,
            2714,
            2748,
            2816,
            2794,
            2718,
            2690,
            2731,
            2785,
            2713,
            2786,
            2696,
            2766,
            2698,
            2733,
            2714,
            2781,
            2737,
            2699,
            2762,
            2716,
            2770,
            2728,
            2717,
            2662,
            2668,
            2664,
            2679,
            2683,
            2715,
            2651,
            2665,
            2654,
            2649,
            2714,
            2684,
            2664,
            2666,
            2711,
            2648,
            2635,
            2680,
            2683,
            2664,
            2732,
            2630,
            2638,
            2684,
            2594,
            2701,
            2626
        ]
    },
    {
        "font-face-vs-img_014-ff": [
            5126,
            4758,
            4783,
            4813,
            4742,
            4724,
            4738,
            4704,
            4597,
            4700,
            4682,
            4666,
            4589,
            4642,
            4559,
            4661,
            4605,
            4617,
            4635,
            4539,
            4554,
            4528,
            4532,
            4588,
            4543,
            4523,
            4521,
            4555,
            4542,
            4592,
            4513,
            4547,
            4545,
            4532,
            4542,
            4368,
            4449,
            4491,
            4451,
            4441,
            4489,
            4398,
            4539,
            4475,
            4465,
            4486,
            4403,
            4548,
            4436,
            4403,
            4433,
            4427,
            4445,
            4313,
            4447,
            4464,
            4361,
            4478,
            4392,
            4441,
            4442,
            4415,
            4448,
            4377,
            4307,
            4309,
            4392,
            4424,
            4351,
            4388,
            4436,
            4392,
            4315,
            4378,
            4425,
            4342,
            4413,
            4342,
            4311,
            4310,
            4308,
            4356,
            4275,
            4362,
            4327,
            4298,
            4274,
            4270,
            4400,
            4260,
            4309,
            4344,
            4290,
            4306,
            4294,
            4323,
            4348,
            4265,
            4358,
            4225
        ]
    },
    {
        "font-face-vs-img_050-ff": [
            5207,
            4806,
            4789,
            4827,
            4724,
            4775,
            4735,
            4727,
            4725,
            4675,
            4619,
            4719,
            4491,
            4690,
            4631,
            4589,
            4600,
            4638,
            4670,
            4587,
            4499,
            4507,
            4565,
            4505,
            4553,
            4519,
            4563,
            4507,
            4490,
            4543,
            4375,
            4506,
            4490,
            4525,
            4475,
            4431,
            4475,
            4460,
            4418,
            4381,
            4510,
            4363,
            4409,
            4565,
            4349,
            4349,
            4411,
            4439,
            4463,
            4379,
            4347,
            4432,
            4463,
            4364,
            4391,
            4413,
            4447,
            4373,
            4381,
            4297,
            4360,
            4462,
            4433,
            4408,
            4440,
            4300,
            4394,
            4412,
            4424,
            4405,
            4383,
            4428,
            4439,
            4379,
            4316,
            4293,
            4332,
            4254,
            4271,
            4363,
            4391,
            4326,
            4327,
            4343,
            4309,
            4313,
            4306,
            4308,
            4378,
            4326,
            4291,
            4348,
            4360,
            4351,
            4366,
            4276,
            4341,
            4293,
            4408,
            4292
        ]
    },
    {
        "font-face-vs-img_014-nff": [
            3609,
            3174,
            3272,
            3231,
            3084,
            3163,
            3066,
            3151,
            3164,
            3098,
            3017,
            3031,
            2969,
            3048,
            3045,
            3019,
            2966,
            2972,
            2966,
            2964,
            2965,
            2994,
            2979,
            2940,
            2950,
            2947,
            2916,
            2913,
            2913,
            2947,
            2921,
            2928,
            2871,
            2867,
            2872,
            2849,
            2777,
            2831,
            2746,
            2750,
            2749,
            2868,
            2812,
            2816,
            2799,
            2866,
            2835,
            2765,
            2752,
            2732,
            2735,
            2653,
            2786,
            2760,
            2689,
            2745,
            2778,
            2772,
            2701,
            2703,
            2713,
            2769,
            2740,
            2683,
            2771,
            2745,
            2747,
            2770,
            2695,
            2767,
            2650,
            2716,
            2723,
            2696,
            2725,
            2732,
            2751,
            2681,
            2717,
            2651,
            2684,
            2665,
            2667,
            2645,
            2737,
            2662,
            2684,
            2664,
            2665,
            2618,
            2647,
            2667,
            2682,
            2682,
            2631,
            2684,
            2646,
            2647,
            2667,
            2684
        ]
    },
    {
        "font-face-vs-img_014-img": [
            5119,
            4754,
            4825,
            4674,
            4817,
            4776,
            4696,
            4709,
            4731,
            4615,
            4582,
            4738,
            4514,
            4591,
            4652,
            4545,
            4540,
            4481,
            4534,
            4538,
            4569,
            4511,
            4514,
            4555,
            4542,
            4388,
            4420,
            4529,
            4518,
            4366,
            4469,
            4534,
            4474,
            4520,
            4417,
            4574,
            4447,
            4330,
            4508,
            4505,
            4448,
            4383,
            4452,
            4414,
            4442,
            4315,
            4295,
            4421,
            4332,
            4346,
            4362,
            4374,
            4399,
            4410,
            4379,
            4461,
            4290,
            4417,
            4282,
            4372,
            4447,
            4292,
            4225,
            4367,
            4365,
            4237,
            4256,
            4365,
            4357,
            4391,
            4366,
            4286,
            4394,
            4361,
            4299,
            4265,
            4375,
            4305,
            4248,
            4275,
            4263,
            4376,
            4374,
            4339,
            4227,
            4324,
            4374,
            4324,
            4325,
            4296,
            4242,
            4289,
            4257,
            4225,
            4173,
            4240,
            4223,
            4243,
            4192,
            4307
        ]
    },
    {
        "font-face-vs-img_050-nff": [
            3689,
            3247,
            3249,
            3269,
            3017,
            3083,
            3072,
            3097,
            3044,
            3098,
            3033,
            3093,
            3121,
            3086,
            3066,
            2999,
            2897,
            3025,
            2900,
            3002,
            2910,
            2944,
            2965,
            2939,
            2985,
            2907,
            2898,
            2897,
            2914,
            2849,
            2904,
            2859,
            2898,
            2850,
            2850,
            2903,
            2813,
            2865,
            2777,
            2855,
            2814,
            2783,
            2751,
            2883,
            2817,
            2868,
            2719,
            2792,
            2750,
            2784,
            2772,
            2790,
            2765,
            2714,
            2736,
            2764,
            2779,
            2781,
            2766,
            2764,
            2732,
            2717,
            2764,
            2765,
            2733,
            2699,
            2720,
            2697,
            2676,
            2737,
            2710,
            2684,
            2716,
            2754,
            2662,
            2773,
            2713,
            2734,
            2717,
            2680,
            2717,
            2664,
            2681,
            2647,
            2738,
            2663,
            2659,
            2686,
            2767,
            2634,
            2684,
            2749,
            2634,
            2630,
            2667,
            2567,
            2684,
            2631,
            2666,
            2636
        ]
    },
    {
        "font-face-vs-img_200-nff": [
            3619,
            3183,
            3178,
            3251,
            3114,
            3119,
            3147,
            3003,
            3131,
            3035,
            3079,
            3117,
            3064,
            3088,
            3041,
            3053,
            2959,
            2974,
            2961,
            2901,
            2966,
            2981,
            2966,
            2962,
            2909,
            2980,
            2862,
            2918,
            2883,
            2896,
            2901,
            2878,
            2814,
            2866,
            2849,
            2820,
            2777,
            2780,
            2851,
            2882,
            2781,
            2764,
            2852,
            2867,
            2865,
            2789,
            2732,
            2831,
            2852,
            2765,
            2781,
            2763,
            2702,
            2763,
            2748,
            2748,
            2782,
            2756,
            2736,
            2731,
            2713,
            2788,
            2815,
            2768,
            2747,
            2697,
            2681,
            2736,
            2693,
            2730,
            2669,
            2633,
            2728,
            2670,
            2744,
            2697,
            2733,
            2685,
            2697,
            2765,
            2601,
            2716,
            2647,
            2630,
            2664,
            2739,
            2709,
            2666,
            2698,
            2682,
            2599,
            2716,
            2651,
            2600,
            2682,
            2583,
            2599,
            2682,
            2650,
            2620
        ]
    },
    {
        "font-face-vs-img_100-img": [
            5220,
            4704,
            4773,
            4725,
            4774,
            4751,
            4693,
            4740,
            4641,
            4633,
            4605,
            4670,
            4559,
            4555,
            4652,
            4730,
            4603,
            4558,
            4526,
            4593,
            4564,
            4541,
            4548,
            4455,
            4520,
            4428,
            4532,
            4530,
            4476,
            4539,
            4541,
            4376,
            4473,
            4481,
            4507,
            4387,
            4430,
            4479,
            4417,
            4277,
            4400,
            4470,
            4393,
            4305,
            4312,
            4376,
            4360,
            4360,
            4295,
            4262,
            4244,
            4264,
            4297,
            4241,
            4301,
            4377,
            4427,
            4281,
            4149,
            4255,
            4312,
            4267,
            4178,
            4294,
            4280,
            4190,
            4282,
            4275,
            4249,
            4163,
            4230,
            4458,
            4283,
            4214,
            4244,
            4158,
            4263,
            4274,
            4221,
            4280,
            4331,
            4205,
            4224,
            4131,
            4324,
            4218,
            4228,
            4308,
            4115,
            4228,
            4210,
            4226,
            4177,
            4227,
            4189,
            4256,
            4157,
            4141,
            4293,
            4275
        ]
    }
]