[
    {
        "font-face-vs-img_050-img": [
            5168,
            4719,
            4739,
            4706,
            4726,
            4751,
            4689,
            4678,
            4693,
            4675,
            4554,
            4642,
            4546,
            4654,
            4592,
            4520,
            4545,
            4604,
            4505,
            4498,
            4540,
            4469,
            4539,
            4462,
            4483,
            4493,
            4516,
            4523,
            4532,
            4400,
            4600,
            4498,
            4448,
            4433,
            4436,
            4521,
            4561,
            4441,
            4427,
            4381,
            4400,
            4465,
            4341,
            4363,
            4463,
            4381,
            4357,
            4394,
            4390,
            4395,
            4360,
            4476,
            4533,
            4354,
            4420,
            4389,
            4265,
            4306,
            4323,
            4350,
            4393,
            4493,
            4448,
            4305,
            4318,
            4228,
            4335,
            4361,
            4345,
            4336,
            4301,
            4262,
            4241,
            4380,
            4226,
            4388,
            4326,
            4297,
            4345,
            4374,
            4273,
            4240,
            4358,
            4375,
            4321,
            4346,
            4342,
            4253,
            4418,
            4330,
            4294,
            4256,
            4410,
            4266,
            4309,
            4216,
            4191,
            4257,
            4164,
            4196
        ]
    },
    {
        "font-face-vs-img_200-img": [
            5173,
            4722,
            4690,
            4774,
            4699,
            4765,
            4688,
            4706,
            4720,
            4659,
            4541,
            4558,
            4515,
            4556,
            4590,
            4499,
            4516,
            4560,
            4511,
            4515,
            4465,
            4515,
            4516,
            4574,
            4604,
            4521,
            4542,
            4531,
            4524,
            4488,
            4542,
            4391,
            4440,
            4391,
            4442,
            4399,
            4423,
            4496,
            4446,
            4475,
            4378,
            4339,
            4471,
            4330,
            4424,
            4352,
            4378,
            4348,
            4394,
            4445,
            4314,
            4295,
            4260,
            4331,
            4360,
            4362,
            4331,
            4292,
            4350,
            4340,
            4475,
            4330,
            4483,
            4242,
            4347,
            4409,
            4314,
            4294,
            4378,
            4373,
            4351,
            4280,
            4247,
            4327,
            4296,
            4240,
            4330,
            4231,
            4293,
            4413,
            4212,
            4280,
            4275,
            4262,
            4412,
            4214,
            4274,
            4228,
            4258,
            4324,
            4192,
            4239,
            4270,
            4281,
            4296,
            4204,
            4277,
            4342,
            4223,
            4148
        ]
    },
    {
        "font-face-vs-img_100-ff": [
            5111,
            4800,
            4758,
            4721,
            4800,
            4796,
            4703,
            4704,
            4663,
            4663,
            4675,
            4741,
            4566,
            4572,
            4608,
            4558,
            4478,
            4573,
            4606,
            4673,
            4628,
            4622,
            4562,
            4600,
            4638,
            4546,
            4516,
            4546,
            4438,
            4451,
            4510,
            4459,
            4458,
            4496,
            4488,
            4481,
            4520,
            4413,
            4475,
            4459,
            4468,
            4387,
            4344,
            4427,
            4378,
            4441,
            4406,
            4449,
            4389,
            4333,
            4454,
            4396,
            4432,
            4360,
            4480,
            4376,
            4413,
            4408,
            4449,
            4428,
            4340,
            4444,
            4446,
            4427,
            4388,
            4352,
            4337,
            4316,
            4374,
            4213,
            4348,
            4395,
            4356,
            4331,
            4358,
            4327,
            4396,
            4412,
            4307,
            4372,
            4258,
            4274,
            4347,
            4206,
            4342,
            4298,
            4317,
            4304,
            4309,
            4312,
            4312,
            4341,
            4351,
            4263,
            4345,
            4306,
            4287,
            4308,
            4357,
            4306
        ]
    },
    {
        "font-face-vs-img_200-ff": [
            5239,
            4806,
            4808,
            4797,
            4808,
            4761,
            4724,
            4695,
            4721,
            4643,
            4643,
            4691,
            4618,
            4715,
            4627,
            4690,
            4560,
            4551,
            4512,
            4464,
            4582,
            4524,
            4578,
            4601,
            4546,
            4538,
            4540,
            4530,
            4503,
            4415,
            4468,
            4567,
            4497,
            4524,
            4543,
            4561,
            4527,
            4431,
            4532,
            4401,
            4473,
            4420,
            4414,
            4448,
            4454,
            4386,
            4415,
            4447,
            4368,
            4397,
            4416,
            4393,
            4496,
            4397,
            4363,
            4411,
            4430,
            4346,
            4399,
            4441,
            4433,
            4427,
            4331,
            4399,
            4379,
            4398,
            4399,
            4410,
            4428,
            4392,
            4202,
            4424,
            4349,
            4363,
            4347,
            4376,
            4365,
            4316,
            4307,
            4313,
            4324,
            4312,
            4361,
            4426,
            4298,
            4366,
            4335,
            4411,
            4327,
            4340,
            4276,
            4363,
            4328,
            4330,
            4344,
            4292,
            4323,
            4295,
            4310,
            4297
        ]
    },
    {
        "font-face-vs-img_014-ff": [
            5126,
            4758,
            4783,
            4813,
            4742,
            4724,
            4738,
            4704,
            4597,
            4700,
            4682,
            4666,
            4589,
            4642,
            4559,
            4661,
            4605,
            4617,
            4635,
            4539,
            4554,
            4528,
            4532,
            4588,
            4543,
            4523,
            4521,
            4555,
            4542,
            4592,
            4513,
            4547,
            4545,
            4532,
            4542,
            4368,
            4449,
            4491,
            4451,
            4441,
            4489,
            4398,
            4539,
            4475,
            4465,
            4486,
            4403,
            4548,
            4436,
            4403,
            4433,
            4427,
            4445,
            4313,
            4447,
            4464,
            4361,
            4478,
            4392,
            4441,
            4442,
            4415,
            4448,
            4377,
            4307,
            4309,
            4392,
            4424,
            4351,
            4388,
            4436,
            4392,
            4315,
            4378,
            4425,
            4342,
            4413,
            4342,
            4311,
            4310,
            4308,
            4356,
            4275,
            4362,
            4327,
            4298,
            4274,
            4270,
            4400,
            4260,
            4309,
            4344,
            4290,
            4306,
            4294,
            4323,
            4348,
            4265,
            4358,
            4225
        ]
    },
    {
        "font-face-vs-img_050-ff": [
            5207,
            4806,
            4789,
            4827,
            4724,
            4775,
            4735,
            4727,
            4725,
            4675,
            4619,
            4719,
            4491,
            4690,
            4631,
            4589,
            4600,
            4638,
            4670,
            4587,
            4499,
            4507,
            4565,
            4505,
            4553,
            4519,
            4563,
            4507,
            4490,
            4543,
            4375,
            4506,
            4490,
            4525,
            4475,
            4431,
            4475,
            4460,
            4418,
            4381,
            4510,
            4363,
            4409,
            4565,
            4349,
            4349,
            4411,
            4439,
            4463,
            4379,
            4347,
            4432,
            4463,
            4364,
            4391,
            4413,
            4447,
            4373,
            4381,
            4297,
            4360,
            4462,
            4433,
            4408,
            4440,
            4300,
            4394,
            4412,
            4424,
            4405,
            4383,
            4428,
            4439,
            4379,
            4316,
            4293,
            4332,
            4254,
            4271,
            4363,
            4391,
            4326,
            4327,
            4343,
            4309,
            4313,
            4306,
            4308,
            4378,
            4326,
            4291,
            4348,
            4360,
            4351,
            4366,
            4276,
            4341,
            4293,
            4408,
            4292
        ]
    },
    {
        "font-face-vs-img_014-img": [
            5119,
            4754,
            4825,
            4674,
            4817,
            4776,
            4696,
            4709,
            4731,
            4615,
            4582,
            4738,
            4514,
            4591,
            4652,
            4545,
            4540,
            4481,
            4534,
            4538,
            4569,
            4511,
            4514,
            4555,
            4542,
            4388,
            4420,
            4529,
            4518,
            4366,
            4469,
            4534,
            4474,
            4520,
            4417,
            4574,
            4447,
            4330,
            4508,
            4505,
            4448,
            4383,
            4452,
            4414,
            4442,
            4315,
            4295,
            4421,
            4332,
            4346,
            4362,
            4374,
            4399,
            4410,
            4379,
            4461,
            4290,
            4417,
            4282,
            4372,
            4447,
            4292,
            4225,
            4367,
            4365,
            4237,
            4256,
            4365,
            4357,
            4391,
            4366,
            4286,
            4394,
            4361,
            4299,
            4265,
            4375,
            4305,
            4248,
            4275,
            4263,
            4376,
            4374,
            4339,
            4227,
            4324,
            4374,
            4324,
            4325,
            4296,
            4242,
            4289,
            4257,
            4225,
            4173,
            4240,
            4223,
            4243,
            4192,
            4307
        ]
    },
    {
        "font-face-vs-img_100-img": [
            5220,
            4704,
            4773,
            4725,
            4774,
            4751,
            4693,
            4740,
            4641,
            4633,
            4605,
            4670,
            4559,
            4555,
            4652,
            4730,
            4603,
            4558,
            4526,
            4593,
            4564,
            4541,
            4548,
            4455,
            4520,
            4428,
            4532,
            4530,
            4476,
            4539,
            4541,
            4376,
            4473,
            4481,
            4507,
            4387,
            4430,
            4479,
            4417,
            4277,
            4400,
            4470,
            4393,
            4305,
            4312,
            4376,
            4360,
            4360,
            4295,
            4262,
            4244,
            4264,
            4297,
            4241,
            4301,
            4377,
            4427,
            4281,
            4149,
            4255,
            4312,
            4267,
            4178,
            4294,
            4280,
            4190,
            4282,
            4275,
            4249,
            4163,
            4230,
            4458,
            4283,
            4214,
            4244,
            4158,
            4263,
            4274,
            4221,
            4280,
            4331,
            4205,
            4224,
            4131,
            4324,
            4218,
            4228,
            4308,
            4115,
            4228,
            4210,
            4226,
            4177,
            4227,
            4189,
            4256,
            4157,
            4141,
            4293,
            4275
        ]
    }
]