[
    {
        "img-vs-bgimg_0800x600-bg-s": [
            4672,
            4664,
            4751,
            4759,
            4746,
            4681,
            4623,
            4704,
            4708,
            4695,
            4644,
            4662,
            4643,
            4672,
            4633,
            4572,
            5395,
            4576,
            4806,
            4694,
            5194,
            4767,
            4546,
            4653,
            4666,
            4584,
            5256,
            4535,
            5272,
            4609,
            4644,
            4765,
            4474,
            5247,
            4787,
            4890,
            5063,
            4688,
            4504,
            4861,
            5056,
            5182,
            5122,
            5077,
            4573,
            4803,
            4475,
            5242,
            5228,
            5169,
            4979,
            5170,
            4927,
            5070,
            5021,
            5034,
            5101,
            5102,
            5131,
            4943,
            4351,
            4852,
            5170,
            5056,
            5002,
            5091,
            5026,
            5042,
            5032,
            5126,
            5045,
            5021,
            4985,
            4976,
            4850,
            4983,
            4942,
            4957,
            4966,
            4943,
            4958,
            4969,
            5020,
            4923,
            4959,
            4991,
            4994,
            4859,
            4966,
            4846,
            4910,
            4917,
            4952,
            4933,
            4955,
            4855,
            4892,
            4908,
            4877,
            4907
        ]
    }
]