[
    {
        "img-vs-bgimg_0800x600-bg-s": [
            4808,
            4717,
            4753,
            4743,
            4658,
            4819,
            4663,
            4675,
            4632,
            4658,
            4625,
            4623,
            4674,
            4551,
            4583,
            4589,
            4498,
            4431,
            4497,
            4470,
            4488,
            4443,
            4489,
            4520,
            4547,
            4398,
            4468,
            4496,
            4488,
            4491,
            4484,
            4546,
            4473,
            4458,
            4455,
            4452,
            4442,
            4432,
            4537,
            4408,
            4399,
            4427,
            4425,
            4449,
            4459,
            4451,
            4444,
            4415,
            4523,
            4325,
            4337,
            4356,
            4337,
            4340,
            4357,
            4392,
            4353,
            4408,
            4345,
            4206,
            4390,
            4340,
            4371,
            4373,
            4450,
            4243,
            4340,
            4324,
            4352,
            4332,
            4299,
            4386,
            4346,
            4307,
            4342,
            4307,
            4338,
            4375,
            4367,
            4198,
            4327,
            4292,
            4271,
            4308,
            4290,
            4283,
            4362,
            4227,
            4388,
            4275,
            4257,
            4289,
            4325,
            4356,
            4269,
            4292,
            4340,
            4163,
            4229,
            4196
        ]
    }
]